131200001;10002;70;软件学院
131200002;10002;42;软件学院
131200003;10002;80;软件学院
131200004;10002;45;软件学院
131200005;10002;49;软件学院
131200006;10003;55;软件学院
131200007;10003;83;软件学院
131200008;10003;67;软件学院
131200009;10003;66;软件学院
131200010;10003;-1;软件学院
131200011;10003;68;软件学院
131200012;10003;30;软件学院
131200013;10003;66;软件学院
131200014;10003;69;软件学院
131200015;10003;-1;软件学院
121200001;10001;80;软件学院
121200002;10001;82;软件学院
121200003;10001;80;软件学院
121200004;10001;-1;软件学院
121200005;10001;-1;软件学院
121200006;10001;55;软件学院
121200007;10001;83;软件学院
121200008;10001;67;软件学院
121200009;10001;76;软件学院
121200010;10001;80;软件学院
121200011;10001;68;软件学院
121200012;10001;70;软件学院
121200013;10001;76;软件学院
111200001;10304;70;软件学院
111200002;10305;82;软件学院
111200003;10304;80;软件学院
111200004;10304;45;软件学院
111200005;10305;-1;软件学院
111200006;10304;55;软件学院
111200007;10304;83;软件学院
111200008;10304;67;软件学院
111200009;10304;66;软件学院
111200010;10305;83;软件学院
111200011;10305;68;软件学院
111200012;10305;30;软件学院
111200013;10305;46;软件学院
111200014;10305;49;软件学院
111200015;10305;85;软件学院
111200016;10305;56;软件学院
141200001;10306;77;软件学院
141200002;10306;82;软件学院
141200003;10306;80;软件学院
141200004;10306;90;软件学院
141200005;10306;-1;软件学院
141200006;10306;55;软件学院
141200007;10306;83;软件学院
141200008;10306;67;软件学院
141200009;10306;76;软件学院
141200010;10306;80;软件学院
141200011;10306;68;软件学院
141200012;10306;70;软件学院
141200013;10306;76;软件学院
141200014;10306;66;软件学院
121200001;10002;85;软件学院
121200001;10304;78;软件学院
121200002;10304;85;软件学院
121200001;10003;87;软件学院
121200001;10304;-1;软件学院
121200001;40005;80;软件学院
121200175;40004;59;软件学院
121200175;40005;-1;软件学院
121200002;40004;76;软件学院
121200002;40005;-1;软件学院
121200002;40006;-1;软件学院
121200002;40007;-1;软件学院
111200001;10002;80;软件学院
111200001;40004;78;软件学院
111200002;10002;82;软件学院
111200003;10003;78;软件学院
131000001;10306;70;数学系
131000002;10306;42;数学系
131000003;10306;80;数学系
141000001;10306;53;数学系
141000002;10306;82;数学系
141000003;10306;90;数学系
121000001;10306;70;数学系
121000002;10306;42;数学系
121000003;10306;80;数学系
121000004;10306;80;数学系
111000001;10306;70;数学系
111000002;10306;42;数学系
111000003;10306;80;数学系
111000004;10306;82;数学系
111000005;10306;80;数学系
